ppx: 641.7770385742188
ppy: 369.8945617675781
fx: 909.9765014648438
fy: 909.9342041015625
coeffs: [0.0, 0.0, 0.0, 0.0, 0.0]
