ppx: 321.1846923828125
ppy: 246.59637451171875
fx: 606.6510009765625
fy: 606.622802734375
coeffs: [0.0, 0.0, 0.0, 0.0, 0.0]
