camera_intrinsics:
    ppx: 431.83620290323125
    ppy: 625.1340914989812
    fx: 1935.7132221012962
    fy: 2189.2289714440803
    coeffs: [24.367103194419784, -1876.483188363307, -0.004849335464394682, 0.4075815754090346, 36366.77781984291]
