camera_intrinsics:
    ppx: 777.1838431500033
    ppy: 526.9728575933965
    fx: 1006.6285381739689
    fy: 1002.8282021038281
    coeffs: [-0.17327435503507407, -0.4572930081992353, 0.0026802844465576826, 0.005532625634451015, 1.0105169435856898]
